x	y
20151030	17878339
20151031	4331
20151031	18961106
20151101	16327952
20151102	19889803
20151103	19818553
20151104	20002722
20151104	4068
20151105	4128
20151105	20154954
20151106	4143
20151106	20449148
20151107	19051632
20151107	4484
20151108	4305
20151108	18838435
20151109	4106
20151109	20155866
20151110	20221203
20151111	20352729
20151112	4172
20151112	20417117
20151113	4727
20151113	20721253
20151114	19047973
20151114	4991
20151115	5152
20151115	19144962
20151116	4700
20151116	20652665
20151117	20804911
20151117	4895
20151118	5153
20151118	20716845
20151119	5428
20151119	20779035
20151120	21042290
20151120	5883
20151121	6463
20151121	19668617
20151122	6110
20151122	19664401
20151123	21157237
20151123	5678
20151124	5740
20151124	21086270
20151125	5786
20151125	20864615
20151126	5571
20151126	20546887
